        fun: 36.0400479481612
        jac: array([9.7426145e-09])
  n_reg_jev: 1
       nfev: 9
        nit: 7
       njev: 8
 optimality: 9.742614504415455e-09
     status: 3
          x: array([14.00119226])
