        fun: 67.35125462663335
        jac: array([ 1.88127227e-08, -4.07946448e-08, -4.19851326e-08,  7.46215779e-08])
  n_reg_jev: 0
       nfev: 11
        nit: 9
       njev: 11
 optimality: 9.669153449277173e-08
     status: 3
          x: array([0.02290784, 0.02062021, 0.01254897, 0.00985335])
