        fun: 67.34750403831718
        jac: array([-4.09685654e-08,  4.66774006e-08, -1.06795961e-08, -2.64963931e-09])
  n_reg_jev: 1
       nfev: 42
        nit: 40
       njev: 41
 optimality: 6.307358747782509e-08
     status: 2
          x: array([ 43.2467721 ,  49.47595179,  79.69846586, 102.25277226])
