        fun: 62.00143941972692
        jac: array([-3.15416905e-04, -5.34507801e-04, -1.25455958e-03, ...,
       -2.89584436e-05, -5.50017663e-06, -4.56267777e-06])
  n_reg_jev: 0
       nfev: 33
        nit: 31
       njev: 33
 optimality: 0.39302702792028604
     status: 3
          x: array([0.03805873, 0.08393372, 0.08506963, ..., 0.00719274, 0.02877663,
       0.01433897])
