        fun: 78.4997468869916
        jac: array([-0.00020926, -0.00035125, -0.00058423, ..., -0.00056072,
       -0.00029713, -0.00011175])
  n_reg_jev: 1
       nfev: 62
        nit: 60
       njev: 61
 optimality: 0.030828649671770424
     status: 3
          x: array([0.69950211, 1.26900676, 1.33594617, ..., 1.49783404, 2.04871   ,
       3.88563228])
