        fun: 34.97429042596379
        jac: array([-0.00057851, -0.00042887, -0.00086637, ..., -0.00343725,
       -0.00328845, -0.00065546])
  n_reg_jev: 1
       nfev: 21
        nit: 19
       njev: 20
 optimality: 0.03302563541568706
     status: 3
          x: array([0.08796955, 0.08531084, 0.0883662 , ..., 0.1033524 , 0.12234947,
       0.14646975])
