        fun: 36.039562273995614
        jac: array([ 4.57817128e-06,  2.04457168e-06, -2.80215205e-06,  2.26271267e-07])
  n_reg_jev: 0
       nfev: 11
        nit: 9
       njev: 11
 optimality: 5.748319787835531e-06
     status: 3
          x: array([13.88725261, 13.95119928, 14.07036428, 13.99448583])
