        fun: 58.58912211104425
        jac: array([-2.83373042e-07,  2.53610725e-04,  8.62118824e-06, ...,
       -9.51476729e-07,  9.97786720e-07, -1.51264747e-06])
  n_reg_jev: 0
       nfev: 34
        nit: 32
       njev: 34
 optimality: 0.09384128536709074
     status: 3
          x: array([ 5.66193273e+01, -1.00004236e-09,  1.28101116e+01, ...,
        8.13815195e+01,  4.03819121e+01,  8.82237587e+01])
