        fun: 138.050346408688
        jac: array([-9.19326778e-10, -4.48441629e-13, -5.01345289e-13, -2.93201664e-10])
  n_reg_jev: 0
       nfev: 204
        nit: 202
       njev: 204
 optimality: 9.649504615560312e-10
     status: 3
          x: array([3.61532823e+00, 1.31431913e+04, 1.31646505e+04, 3.71962196e+00])
