        fun: 40.2152360084928
        jac: array([4.93140282e-02, 4.19352582e-06, 6.69613974e-02, ...,
       5.00277156e-04, 6.42630940e-02, 1.25914413e+07])
  n_reg_jev: 0
       nfev: 44
        nit: 42
       njev: 44
 optimality: 12591441.266903369
     status: 3
          x: array([-3.77630615e-09,  5.89805948e+00, -6.55261230e-09, ...,
        9.33002534e+00, -3.77630615e-09, -3.77630615e-09])
