        fun: 34.87179687644018
        jac: array([-2.36059578e-06, -1.56272935e-07,  1.25701539e-07, ...,
        1.34173727e-07,  6.85201403e-06,  4.78401674e-06])
  n_reg_jev: 1
       nfev: 71
        nit: 69
       njev: 70
 optimality: 0.00035659004174369194
     status: 3
          x: array([11.87214425, 12.02165315, 10.41681972, ..., 11.2825192 ,
        8.82408594,  7.07851706])
