        fun: 36.10938217344933
        jac: array([ 0.00035405,  0.00038986, -0.00183596, -0.00140916])
  n_reg_jev: 0
       nfev: 12
        nit: 10
       njev: 12
 optimality: 0.0023735685753900997
     status: 3
          x: array([0.07590145, 0.07534671, 0.06765814, 0.07051184])
