        fun: 145.3084984078696
        jac: array([ 2.64033007e-05,  1.23737031e-06, -5.53029239e-07, -1.84719710e-05])
  n_reg_jev: 0
       nfev: 9
        nit: 7
       njev: 9
 optimality: 3.225189799307993e-05
     status: 3
          x: array([0.24301974, 0.0558263 , 0.05959284, 0.23975124])
